Checkpoint version: 1
0
7200
3600
0.5
0.5
0.5
0 0 0 
2560 2560 1280 
(32 0
((0,0,0) (31,31,31) (0,0,0))
((32,0,0) (63,31,31) (0,0,0))
((64,0,0) (95,31,31) (0,0,0))
((96,0,0) (127,31,31) (0,0,0))
((0,32,0) (31,63,31) (0,0,0))
((32,32,0) (63,63,31) (0,0,0))
((64,32,0) (95,63,31) (0,0,0))
((96,32,0) (127,63,31) (0,0,0))
((0,64,0) (31,95,31) (0,0,0))
((32,64,0) (63,95,31) (0,0,0))
((64,64,0) (95,95,31) (0,0,0))
((96,64,0) (127,95,31) (0,0,0))
((0,96,0) (31,127,31) (0,0,0))
((32,96,0) (63,127,31) (0,0,0))
((64,96,0) (95,127,31) (0,0,0))
((96,96,0) (127,127,31) (0,0,0))
((0,0,32) (31,31,63) (0,0,0))
((32,0,32) (63,31,63) (0,0,0))
((64,0,32) (95,31,63) (0,0,0))
((96,0,32) (127,31,63) (0,0,0))
((0,32,32) (31,63,63) (0,0,0))
((32,32,32) (63,63,63) (0,0,0))
((64,32,32) (95,63,63) (0,0,0))
((96,32,32) (127,63,63) (0,0,0))
((0,64,32) (31,95,63) (0,0,0))
((32,64,32) (63,95,63) (0,0,0))
((64,64,32) (95,95,63) (0,0,0))
((96,64,32) (127,95,63) (0,0,0))
((0,96,32) (31,127,63) (0,0,0))
((32,96,32) (63,127,63) (0,0,0))
((64,96,32) (95,127,63) (0,0,0))
((96,96,32) (127,127,63) (0,0,0))
)
